309
490
268
325
394
366
124
41
487
243
56
205
64
87
249
489
397
438
272
20
139
25
300
180
145
373
408
405
421
30
367
102
473
330
346
278
268
226
59
42
350
10
213
1
61
363
198
204
125
496
204
284
414
187
458
485
395
259
446
48
55
45
288
132
35
151
287
135
234
500
171
117
244
123
364
48
21
117
182
26
301
392
296
298
247
114
200
134
195
171
461
107
27
159
21
143
124
399
16
306
307
420
483
460
84
12
439
324
141
6
10
24
315
175
434
51
195
359
217
209
45
492
403
161
439
15
461
347
132
175
318
474
277
13
203
95
290
344
330
353
186
141
354
393
4
466
157
296
344
471
488
457
138
387
212
425
196
66
417
7
230
350
151
370
332
292
315
442
444
411
195
66
76
184
415
148
149
475
164
282
22
34
65
298
456
456
298
29
295
461
457
393
118
63
230
8
239
141
16
499
289
455
315
122
377
2
105
428
7
346
330
88
113
74
110
162
104
36
116
271
296
162
120
363
406
394
311
237
150
294
476
430
151
147
458
353
416
54
460
440
467
273
236
281
495
254
465
204
338
156
282
438
68
215
166
348
464
456
269
419
203
112
437
189
137
352
388
443
18
245
52
275
399
486
461
393
185
120
36
4
316
360
39
393
441
426
123
110
50
200
7
152
206
324
231
171
314
287
84
370
122
311
436
485
81
227
125
456
360
201
30
9
120
14
332
395
311
221
299
90
376
177
269
308
282
488
329
219
402
114
401
257
311
382
462
189
312
316
370
467
454
451
374
45
17
129
91
431
204
152
467
22
495
393
439
369
490
389
297
116
168
343
349
303
352
494
25
355
190
378
430
69
354
172
374
316
186
456
37
95
128
314
92
333
248
220
22
373
389
311
296
342
218
497
220
139
191
279
452
246
209
125
414
457
176
361
355
49
103
190
262
339
431
213
152
438
45
277
206
500
361
386
112
385
350
85
256
272
366
104
179
166
433
467
243
435
421
47
321
215
47
397
323
351
228
10
134
216
240
261
239
379
222
142
423
169
18
18
180
235
117
2
336
425
214
257
465
329
452
233
27
223
225
344
216
305
19
126
463
440
314
243
442
70
202
324
66
452
478
308
309
105
113
250
415
298
433
34
141
85
